50
0 1 7
0 3 5
0 13 10
0 15 10
0 45 8
0 2 7
0 5 7
0 9 3
0 14 7
0 17 3
0 22 7
0 25 7
0 29 9
0 32 4
0 35 9
0 37 9
0 41 6
0 45 8
0 46 6
1 2 8
1 12 5
1 31 6
1 4 7
1 6 1
1 7 1
1 9 7
1 17 8
1 18 6
1 24 6
1 25 3
1 27 3
1 29 4
1 30 4
1 34 9
1 35 7
1 37 7
1 38 10
1 41 1
1 45 9
2 4 10
2 5 7
2 6 8
2 9 6
2 18 5
2 5 1
2 12 2
2 15 4
2 16 1
2 23 3
2 24 6
2 34 3
2 35 1
2 36 5
2 38 5
2 43 5
2 46 2
3 29 2
3 33 6
3 4 8
3 7 10
3 10 6
3 12 7
3 25 7
3 26 3
3 27 6
3 29 4
3 32 5
3 34 5
3 35 6
3 36 4
3 44 3
3 46 5
4 7 4
4 10 2
4 6 10
4 8 6
4 9 8
4 10 1
4 15 10
4 16 5
4 17 5
4 18 4
4 20 10
4 25 10
4 27 4
4 28 10
4 32 8
4 34 4
4 37 1
4 43 2
4 44 2
5 14 9
5 6 9
5 7 10
5 10 4
5 12 4
5 17 2
5 25 1
5 31 9
5 32 9
5 37 5
5 38 9
5 43 5
5 46 5
5 49 9
6 11 10
6 14 5
6 23 3
6 26 10
6 27 3
6 28 2
6 35 9
6 37 8
6 38 5
6 43 6
6 45 4
6 47 2
7 8 8
7 11 6
7 30 4
7 12 10
7 13 8
7 16 10
7 19 2
7 20 5
7 21 6
7 26 3
7 31 8
7 33 5
7 43 2
7 45 5
7 46 6
8 20 7
8 23 10
8 44 8
8 13 5
8 14 1
8 15 4
8 18 8
8 28 7
8 38 2
8 42 7
8 45 10
8 48 8
9 36 4
9 13 3
9 14 7
9 18 8
9 23 10
9 24 5
9 27 5
9 28 5
9 31 10
9 33 9
9 35 8
9 36 1
9 38 1
9 39 4
9 42 10
9 46 8
10 12 2
10 15 9
10 17 7
10 19 10
10 20 9
10 35 8
10 38 5
10 39 6
10 40 4
10 41 8
10 43 3
10 46 6
10 49 6
11 17 7
11 26 8
11 12 8
11 17 5
11 20 1
11 21 1
11 23 5
11 24 4
11 26 6
11 30 8
11 31 1
11 41 5
11 43 3
11 46 8
11 48 3
11 49 5
12 25 1
12 28 8
12 30 6
12 34 1
12 41 4
12 45 6
12 46 4
12 47 4
13 22 2
13 28 1
13 37 8
13 38 7
13 17 3
13 24 8
13 27 10
13 28 2
13 29 8
13 31 4
13 35 1
13 37 6
13 42 5
13 43 4
13 47 8
13 49 5
14 27 3
14 15 4
14 16 10
14 17 4
14 24 3
14 25 9
14 26 6
14 31 2
14 38 1
14 40 7
14 41 8
14 48 3
15 16 3
15 20 1
15 24 3
15 32 8
15 34 8
15 46 5
15 47 7
15 48 7
15 49 1
16 47 8
16 18 3
16 26 4
16 31 4
16 33 1
16 37 1
16 38 1
16 42 6
16 46 2
17 21 4
17 20 1
17 23 5
17 24 5
17 30 10
17 37 3
17 39 5
17 40 4
17 46 5
17 47 10
17 49 3
18 19 7
18 19 1
18 21 2
18 23 9
18 29 3
18 32 6
18 33 3
18 34 1
18 38 8
18 44 2
18 47 10
18 48 10
19 25 7
19 20 10
19 23 5
19 24 3
19 25 2
19 32 8
20 24 2
20 39 2
20 21 7
20 37 1
20 39 2
20 42 1
20 47 10
20 49 6
21 32 10
21 26 7
21 27 8
21 29 5
21 31 2
21 32 9
21 37 1
21 40 10
21 43 3
21 47 9
21 49 9
22 23 9
22 29 2
22 30 6
22 32 10
22 33 5
22 34 5
22 43 1
22 46 1
23 40 10
23 46 3
23 28 5
23 32 10
23 35 2
23 38 7
23 39 1
23 41 2
23 42 8
23 44 3
23 45 10
24 41 9
24 43 7
24 25 6
24 26 4
24 28 1
24 29 1
24 31 10
24 32 2
24 39 1
24 42 10
24 44 2
24 46 9
24 49 4
25 35 2
25 26 4
25 27 3
25 29 5
25 33 5
25 38 1
25 43 9
25 44 5
25 49 5
26 31 7
26 33 4
26 34 9
26 35 6
26 40 8
26 41 2
27 28 1
27 30 6
27 31 4
27 33 2
27 34 2
27 35 9
27 36 1
27 37 10
27 40 10
27 42 7
27 43 8
27 44 3
27 45 9
27 48 2
28 34 2
28 42 1
28 33 4
28 40 2
29 30 3
29 33 5
29 36 10
29 38 6
29 39 1
29 48 2
30 32 5
30 37 3
30 38 6
30 39 3
30 42 3
30 45 10
30 49 9
31 32 8
31 35 1
31 39 1
31 42 10
31 47 1
31 48 8
32 49 5
32 33 6
32 44 2
32 45 9
32 46 4
32 47 1
32 48 6
33 36 10
33 39 2
33 46 7
33 47 4
34 48 3
34 35 2
34 36 7
34 37 6
34 39 2
34 47 8
35 36 5
35 38 2
35 44 9
36 41 6
36 42 5
37 39 10
37 48 10
38 47 5
39 40 9
39 42 4
39 44 2
39 46 5
40 42 4
40 44 4
40 45 7
40 48 7
40 49 1
41 42 10
41 47 10
42 45 10
42 47 10
43 45 5
43 46 8
44 46 1
44 48 1
45 48 5
45 49 7
46 48 9
46 49 2
47 48 7
